 1 Centrale kraftværker DK1
 2 Centrale kraftværker DK2
 3 Decentrale kraftværker DK1
 4 Decentrale kraftværker DK2
 5 Vindmøller DK1
 6 Vindmøller DK2
 7 Udveksling Jylland-Norge
 8 Udveksling Jylland-Sverige
 9 Udveksling Jylland-Tyskland
10 Udveksling Sjælland-Sverige
11 Udveksling Sjælland-Tyskland
12 Udveksling Bornholm-Sverige
13 Udveksling Fyn-Sjaelland
14 Temperatur i Malling
15 Vindhastighed i Malling
16 CO2 udledning
17 Havmøller DK
18 Landmøller DK
19 Solceller DK1
20 Solceller DK2
 
Dato og tid      ;      1 ;      2 ;      3 ;      4 ;      5 ;      6 ;      7 ;      8 ;      9 ;     10 ;     11 ;     12 ;     13 ;     14 ;     15 ;     16 ;     17 ;     18 ;     19 ;     20 ;
2016-06-09 00:00 ;    508 ;     16 ;    120 ;    100 ;    405 ;    106 ;   1411 ;   -261 ;    251 ;   -101 ;    441 ;      8 ;   -566 ;     11 ;      4 ;    241 ;    313 ;    198 ;      0 ;      0 ;
2016-06-09 00:05 ;    472 ;     16 ;    121 ;     99 ;    389 ;    105 ;   1417 ;   -102 ;     68 ;    -34 ;    381 ;      9 ;   -558 ;     11 ;      5 ;    211 ;    301 ;    194 ;      0 ;      0 ;
2016-06-09 00:10 ;    428 ;     17 ;    120 ;     99 ;    378 ;    115 ;   1405 ;    -86 ;    101 ;    -29 ;    378 ;      6 ;   -550 ;     11 ;      4 ;    206 ;    300 ;    193 ;      0 ;      0 ;
2016-06-09 00:15 ;    405 ;     16 ;    121 ;    100 ;    361 ;    114 ;   1392 ;    -43 ;     88 ;    -11 ;    378 ;      8 ;   -542 ;     11 ;      3 ;    201 ;    288 ;    187 ;      0 ;      0 ;
2016-06-09 00:20 ;    413 ;     16 ;    121 ;    100 ;    343 ;    111 ;   1390 ;    -43 ;     96 ;    -19 ;    378 ;      8 ;   -542 ;     11 ;      5 ;    205 ;    274 ;    179 ;      0 ;      0 ;
2016-06-09 00:25 ;    413 ;     19 ;    121 ;     98 ;    330 ;    113 ;   1391 ;    -43 ;     99 ;    -33 ;    378 ;      8 ;   -541 ;     11 ;      4 ;    207 ;    265 ;    177 ;      0 ;      0 ;
2016-06-09 00:30 ;    414 ;     17 ;    121 ;     99 ;    314 ;    145 ;   1393 ;     -1 ;     76 ;    -71 ;    378 ;      9 ;   -541 ;     11 ;      4 ;    203 ;    284 ;    175 ;      0 ;      0 ;
2016-06-09 00:35 ;    416 ;     18 ;    120 ;     98 ;    313 ;    166 ;   1392 ;     -1 ;     63 ;    -78 ;    378 ;      9 ;   -541 ;     11 ;      3 ;    201 ;    308 ;    172 ;      0 ;      0 ;
2016-06-09 00:40 ;    420 ;     17 ;    119 ;     99 ;    313 ;    184 ;   1393 ;     -1 ;     53 ;   -122 ;    378 ;      9 ;   -542 ;     11 ;      4 ;    201 ;    329 ;    168 ;      0 ;      0 ;
2016-06-09 00:45 ;    418 ;     20 ;    119 ;     98 ;    307 ;    188 ;   1392 ;     -1 ;     50 ;   -122 ;    378 ;      9 ;   -541 ;     11 ;      4 ;    201 ;    333 ;    162 ;      0 ;      0 ;
2016-06-09 00:50 ;    424 ;     17 ;    119 ;     98 ;    288 ;    197 ;   1319 ;     -1 ;    121 ;   -138 ;    378 ;      9 ;   -548 ;     11 ;      4 ;    214 ;    328 ;    157 ;      0 ;      0 ;
2016-06-09 00:55 ;    422 ;     16 ;    118 ;     99 ;    284 ;    194 ;   1244 ;     -1 ;    222 ;   -151 ;    378 ;      9 ;   -557 ;     10 ;      4 ;    229 ;    334 ;    144 ;      0 ;      0 ;
2016-06-09 01:00 ;    422 ;     16 ;    119 ;     99 ;    278 ;    195 ;   1103 ;   -127 ;    474 ;   -269 ;    479 ;      9 ;   -567 ;     11 ;      4 ;    272 ;    336 ;    137 ;      0 ;      0 ;
2016-06-09 01:05 ;    426 ;     14 ;    122 ;     98 ;    263 ;    200 ;    948 ;   -133 ;    685 ;   -403 ;    595 ;     10 ;   -571 ;     11 ;      4 ;    306 ;    328 ;    136 ;      0 ;      0 ;
2016-06-09 01:10 ;    425 ;     14 ;    122 ;     98 ;    253 ;    188 ;    866 ;   -133 ;    807 ;   -411 ;    600 ;     10 ;   -580 ;     11 ;      4 ;    321 ;    310 ;    130 ;      0 ;      0 ;
2016-06-09 01:15 ;    425 ;      0 ;    121 ;     98 ;    239 ;    182 ;    796 ;   -134 ;    893 ;   -430 ;    600 ;     11 ;   -590 ;     10 ;      5 ;    333 ;    292 ;    130 ;      0 ;      0 ;
2016-06-09 01:20 ;    427 ;     16 ;    118 ;     98 ;    231 ;    170 ;    793 ;   -133 ;    888 ;   -411 ;    600 ;     12 ;   -590 ;     10 ;      4 ;    337 ;    272 ;    129 ;      0 ;      0 ;
2016-06-09 01:25 ;    430 ;     14 ;    118 ;     99 ;    215 ;    161 ;    792 ;   -133 ;    893 ;   -397 ;    600 ;     13 ;   -591 ;     10 ;      4 ;    340 ;    251 ;    125 ;      0 ;      0 ;
2016-06-09 01:30 ;    428 ;     15 ;    120 ;     98 ;    204 ;    155 ;    792 ;    -98 ;    865 ;   -400 ;    600 ;     13 ;   -590 ;     10 ;      4 ;    341 ;    239 ;    120 ;      0 ;      0 ;
2016-06-09 01:35 ;    429 ;     15 ;    119 ;     97 ;    208 ;    146 ;    795 ;    -63 ;    870 ;   -397 ;    600 ;     14 ;   -590 ;     10 ;      4 ;    341 ;    237 ;    117 ;      0 ;      0 ;
2016-06-09 01:40 ;    427 ;     16 ;    118 ;     96 ;    213 ;    139 ;    792 ;    -63 ;    865 ;   -394 ;    600 ;     14 ;   -590 ;     10 ;      4 ;    342 ;    236 ;    117 ;      0 ;      0 ;
2016-06-09 01:45 ;    425 ;     17 ;    118 ;     98 ;    204 ;    127 ;    792 ;    -63 ;    900 ;   -389 ;    600 ;     14 ;   -591 ;     10 ;      4 ;    345 ;    218 ;    113 ;      0 ;      0 ;
2016-06-09 01:50 ;    420 ;     17 ;    118 ;     98 ;    200 ;    124 ;    721 ;    -13 ;    902 ;   -364 ;    600 ;     14 ;   -572 ;     10 ;      4 ;    353 ;    214 ;    110 ;      0 ;      0 ;
2016-06-09 01:55 ;    404 ;     15 ;    118 ;     98 ;    188 ;    124 ;    644 ;     46 ;    922 ;   -349 ;    600 ;     14 ;   -551 ;     10 ;      4 ;    361 ;    208 ;    103 ;      0 ;      0 ;
2016-06-09 02:00 ;    378 ;     15 ;    118 ;     98 ;    179 ;    121 ;    497 ;     95 ;   1039 ;   -325 ;    600 ;     14 ;   -531 ;     10 ;      4 ;    382 ;    201 ;     99 ;      0 ;      0 ;
2016-06-09 02:05 ;    348 ;     18 ;    119 ;     98 ;    178 ;    116 ;    343 ;    152 ;   1112 ;   -310 ;    600 ;     14 ;   -509 ;     10 ;      5 ;    402 ;    197 ;     96 ;      0 ;      0 ;
2016-06-09 02:10 ;    325 ;     16 ;    117 ;     98 ;    172 ;    113 ;    271 ;    201 ;   1161 ;   -289 ;    600 ;     14 ;   -491 ;     10 ;      4 ;    413 ;    195 ;     90 ;      0 ;      0 ;
2016-06-09 02:15 ;    317 ;     17 ;    117 ;    100 ;    170 ;    111 ;    193 ;    260 ;   1184 ;   -271 ;    600 ;     13 ;   -468 ;      9 ;      4 ;    425 ;    197 ;     84 ;      0 ;      0 ;
2016-06-09 02:20 ;    301 ;     16 ;    118 ;    100 ;    166 ;     98 ;    192 ;    260 ;   1183 ;   -256 ;    600 ;     13 ;   -469 ;     10 ;      4 ;    424 ;    184 ;     80 ;      0 ;      0 ;
2016-06-09 02:25 ;    289 ;     18 ;    117 ;     98 ;    159 ;    102 ;    192 ;    260 ;   1208 ;   -261 ;    600 ;     14 ;   -468 ;     10 ;      4 ;    425 ;    182 ;     79 ;      0 ;      0 ;
2016-06-09 02:30 ;    271 ;     18 ;    119 ;     97 ;    153 ;    100 ;    192 ;    261 ;   1214 ;   -247 ;    600 ;     14 ;   -468 ;     10 ;      4 ;    422 ;    175 ;     78 ;      0 ;      0 ;
2016-06-09 02:35 ;    263 ;     17 ;    117 ;     97 ;    147 ;    102 ;    191 ;    260 ;   1217 ;   -254 ;    600 ;     14 ;   -468 ;     10 ;      4 ;    424 ;    175 ;     74 ;      0 ;      0 ;
2016-06-09 02:40 ;    267 ;     16 ;    117 ;     98 ;    137 ;    101 ;    192 ;    260 ;   1210 ;   -250 ;    600 ;     14 ;   -468 ;      9 ;      4 ;    425 ;    169 ;     68 ;      0 ;      0 ;
2016-06-09 02:45 ;    271 ;     14 ;    120 ;     99 ;    131 ;     96 ;    192 ;    260 ;   1224 ;   -259 ;    600 ;     14 ;   -468 ;      9 ;      4 ;    428 ;    162 ;     66 ;      0 ;      0 ;
2016-06-09 02:50 ;    268 ;     15 ;    120 ;     99 ;    125 ;     94 ;    192 ;    270 ;   1206 ;   -236 ;    600 ;     14 ;   -444 ;      9 ;      4 ;    423 ;    154 ;     66 ;      0 ;      0 ;
2016-06-09 02:55 ;    264 ;     17 ;    119 ;    100 ;    122 ;     94 ;    288 ;    145 ;   1232 ;   -206 ;    600 ;     14 ;   -421 ;      9 ;      5 ;    416 ;    152 ;     64 ;      0 ;      0 ;
2016-06-09 03:00 ;    266 ;     15 ;    119 ;     99 ;    120 ;     92 ;    442 ;    104 ;   1066 ;   -160 ;    591 ;     13 ;   -397 ;     10 ;      4 ;    389 ;    150 ;     62 ;      0 ;      0 ;
2016-06-09 03:05 ;    265 ;     18 ;    119 ;     99 ;    119 ;     90 ;    591 ;     75 ;    903 ;   -144 ;    580 ;     13 ;   -373 ;      9 ;      4 ;    362 ;    149 ;     59 ;      0 ;      0 ;
2016-06-09 03:10 ;    267 ;     20 ;    118 ;    100 ;    116 ;     82 ;    602 ;     -1 ;    929 ;   -110 ;    580 ;     13 ;   -350 ;      9 ;      4 ;    364 ;    137 ;     61 ;      0 ;      0 ;
2016-06-09 03:15 ;    263 ;     19 ;    119 ;     99 ;    111 ;     88 ;    603 ;     -1 ;    897 ;    -87 ;    580 ;     13 ;   -326 ;      9 ;      4 ;    362 ;    140 ;     59 ;      0 ;      0 ;
2016-06-09 03:20 ;    263 ;     20 ;    121 ;     99 ;    106 ;     88 ;    603 ;     -1 ;    922 ;    -94 ;    580 ;     14 ;   -324 ;      9 ;      4 ;    363 ;    141 ;     53 ;      0 ;      0 ;
2016-06-09 03:25 ;    264 ;     19 ;    120 ;     99 ;    102 ;     92 ;    603 ;     -1 ;    916 ;    -94 ;    580 ;     14 ;   -325 ;      9 ;      4 ;    363 ;    147 ;     46 ;      0 ;      0 ;
2016-06-09 03:30 ;    266 ;     18 ;    120 ;    101 ;     97 ;     85 ;    602 ;     -1 ;    921 ;    -86 ;    580 ;     14 ;   -325 ;      9 ;      5 ;    365 ;    140 ;     42 ;      0 ;      0 ;
2016-06-09 03:35 ;    267 ;     19 ;    120 ;     99 ;     92 ;     83 ;    603 ;     -1 ;    921 ;    -86 ;    580 ;     14 ;   -325 ;      9 ;      4 ;    366 ;    134 ;     41 ;      0 ;      0 ;
2016-06-09 03:40 ;    267 ;     20 ;    120 ;    100 ;     85 ;     75 ;    603 ;     -1 ;    926 ;    -70 ;    580 ;     14 ;   -325 ;      9 ;      4 ;    368 ;    122 ;     38 ;      0 ;      0 ;
2016-06-09 03:45 ;    263 ;     17 ;    118 ;     98 ;     81 ;     65 ;    602 ;     -1 ;    921 ;    -73 ;    580 ;     15 ;   -325 ;      9 ;      4 ;    370 ;    110 ;     36 ;      0 ;      0 ;
2016-06-09 03:50 ;    264 ;     16 ;    117 ;     99 ;     76 ;     65 ;    692 ;    -89 ;    920 ;    -67 ;    580 ;     15 ;   -325 ;      9 ;      3 ;    360 ;    107 ;     34 ;      0 ;      0 ;
2016-06-09 03:55 ;    263 ;     17 ;    119 ;     99 ;     70 ;     60 ;    785 ;   -187 ;    942 ;    -74 ;    580 ;     15 ;   -325 ;      8 ;      4 ;    351 ;     98 ;     32 ;      0 ;      0 ;
2016-06-09 04:00 ;    265 ;     15 ;    118 ;     99 ;     68 ;     55 ;    779 ;   -276 ;   1026 ;    -41 ;    557 ;     15 ;   -325 ;      9 ;      5 ;    357 ;     94 ;     29 ;      0 ;      0 ;
2016-06-09 04:05 ;    266 ;     14 ;    119 ;     99 ;     72 ;     48 ;    774 ;   -376 ;   1136 ;    -14 ;    533 ;     16 ;   -325 ;      9 ;      4 ;    362 ;     89 ;     31 ;      0 ;      0 ;
2016-06-09 04:10 ;    286 ;     15 ;    119 ;     98 ;     73 ;     47 ;    860 ;   -463 ;   1125 ;    -24 ;    534 ;     16 ;   -325 ;      8 ;      3 ;    355 ;     90 ;     29 ;      0 ;      0 ;
2016-06-09 04:15 ;    297 ;     17 ;    118 ;     97 ;     67 ;     43 ;    958 ;   -562 ;   1121 ;    -20 ;    533 ;     16 ;   -325 ;      8 ;      4 ;    349 ;     83 ;     27 ;      0 ;      0 ;
2016-06-09 04:20 ;    308 ;     19 ;    120 ;     98 ;     65 ;     38 ;    958 ;   -562 ;   1132 ;    -18 ;    533 ;     16 ;   -325 ;      8 ;      4 ;    351 ;     77 ;     27 ;      0 ;      0 ;
2016-06-09 04:25 ;    297 ;     15 ;    118 ;     97 ;     67 ;     35 ;    958 ;   -563 ;   1131 ;    -18 ;    533 ;     16 ;   -325 ;      8 ;      3 ;    350 ;     75 ;     27 ;      0 ;      0 ;
2016-06-09 04:30 ;    282 ;     22 ;    119 ;     98 ;     65 ;     36 ;    958 ;   -433 ;   1053 ;    -27 ;    533 ;     16 ;   -326 ;      8 ;      3 ;    344 ;     74 ;     27 ;      0 ;      0 ;
2016-06-09 04:35 ;    275 ;     20 ;    120 ;     98 ;     66 ;     34 ;    958 ;   -433 ;   1050 ;    -17 ;    534 ;     16 ;   -325 ;      8 ;      3 ;    342 ;     72 ;     28 ;      0 ;      0 ;
2016-06-09 04:40 ;    271 ;     21 ;    119 ;     98 ;     64 ;     27 ;    959 ;   -432 ;   1069 ;    -10 ;    533 ;     16 ;   -325 ;      7 ;      4 ;    344 ;     63 ;     28 ;      0 ;      0 ;
2016-06-09 04:45 ;    276 ;     21 ;    121 ;     97 ;     61 ;     26 ;    958 ;   -433 ;   1076 ;     -7 ;    533 ;     16 ;   -325 ;      7 ;      3 ;    345 ;     61 ;     27 ;      1 ;      1 ;
2016-06-09 04:50 ;    282 ;     21 ;    121 ;     97 ;     66 ;     26 ;   1053 ;   -457 ;   1042 ;    -29 ;    533 ;     16 ;   -367 ;      7 ;      3 ;    334 ;     66 ;     26 ;      1 ;      1 ;
2016-06-09 04:55 ;    288 ;     20 ;    119 ;     97 ;     69 ;     30 ;   1152 ;   -553 ;   1081 ;    -83 ;    534 ;     17 ;   -412 ;      7 ;      3 ;    328 ;     72 ;     27 ;      2 ;      1 ;
2016-06-09 05:00 ;    297 ;     21 ;    119 ;     98 ;     70 ;     32 ;   1277 ;   -582 ;   1032 ;   -131 ;    556 ;     17 ;   -455 ;      7 ;      3 ;    317 ;     77 ;     25 ;      3 ;      2 ;
2016-06-09 05:05 ;    310 ;     18 ;    118 ;     97 ;     67 ;     34 ;   1372 ;   -584 ;    989 ;   -192 ;    579 ;     17 ;   -501 ;      7 ;      3 ;    310 ;     76 ;     25 ;      3 ;      3 ;
2016-06-09 05:10 ;    318 ;     19 ;    118 ;     98 ;     69 ;     33 ;   1428 ;   -584 ;    985 ;   -238 ;    579 ;     18 ;   -545 ;      7 ;      3 ;    307 ;     78 ;     24 ;      4 ;      3 ;
2016-06-09 05:15 ;    326 ;     17 ;    121 ;     97 ;     66 ;     34 ;   1431 ;   -584 ;   1009 ;   -274 ;    579 ;     18 ;   -589 ;      7 ;      2 ;    308 ;     76 ;     24 ;      5 ;      4 ;
2016-06-09 05:20 ;    328 ;     19 ;    121 ;     97 ;     69 ;     34 ;   1430 ;   -585 ;   1021 ;   -273 ;    579 ;     18 ;   -590 ;      8 ;      2 ;    309 ;     77 ;     26 ;      7 ;      4 ;
2016-06-09 05:25 ;    327 ;     19 ;    120 ;     97 ;     69 ;     35 ;   1431 ;   -583 ;   1040 ;   -271 ;    579 ;     18 ;   -590 ;      8 ;      2 ;    309 ;     79 ;     25 ;      8 ;      5 ;
2016-06-09 05:30 ;    328 ;     20 ;    119 ;     96 ;     71 ;     36 ;   1430 ;   -584 ;   1046 ;   -266 ;    579 ;     18 ;   -590 ;      9 ;      2 ;    310 ;     80 ;     26 ;      9 ;      6 ;
2016-06-09 05:35 ;    331 ;     19 ;    120 ;     98 ;     72 ;     33 ;   1432 ;   -584 ;   1042 ;   -237 ;    579 ;     19 ;   -590 ;      9 ;      2 ;    309 ;     78 ;     26 ;     11 ;      7 ;
2016-06-09 05:40 ;    348 ;     22 ;    117 ;     98 ;     70 ;     31 ;   1431 ;   -585 ;   1033 ;   -229 ;    579 ;     19 ;   -590 ;      9 ;      2 ;    311 ;     75 ;     26 ;     12 ;      8 ;
2016-06-09 05:45 ;    386 ;     19 ;    131 ;     97 ;     71 ;     27 ;   1432 ;   -585 ;   1012 ;   -213 ;    579 ;     19 ;   -590 ;      9 ;      3 ;    313 ;     73 ;     26 ;     14 ;      9 ;
2016-06-09 05:50 ;    416 ;     15 ;    131 ;     97 ;     73 ;     25 ;   1433 ;   -584 ;   1012 ;   -196 ;    579 ;     19 ;   -590 ;      9 ;      2 ;    316 ;     74 ;     25 ;     16 ;     10 ;
2016-06-09 05:55 ;    442 ;     16 ;    132 ;     98 ;     72 ;     28 ;   1432 ;   -584 ;   1019 ;   -177 ;    579 ;     20 ;   -590 ;     10 ;      1 ;    319 ;     75 ;     25 ;     17 ;     11 ;
2016-06-09 06:00 ;    495 ;     16 ;    132 ;     99 ;     78 ;     28 ;   1433 ;   -506 ;    924 ;   -190 ;    589 ;     20 ;   -590 ;     12 ;      2 ;    321 ;     80 ;     26 ;     19 ;     13 ;
2016-06-09 06:05 ;    566 ;     19 ;    135 ;     99 ;     79 ;     29 ;   1432 ;   -458 ;    832 ;   -166 ;    600 ;     21 ;   -591 ;     12 ;      2 ;    324 ;     84 ;     25 ;     21 ;     15 ;
2016-06-09 06:10 ;    631 ;     21 ;    137 ;    101 ;     82 ;     30 ;   1431 ;   -531 ;    846 ;   -151 ;    600 ;     22 ;   -593 ;     12 ;      2 ;    332 ;     86 ;     26 ;     24 ;     17 ;
2016-06-09 06:15 ;    680 ;     22 ;    130 ;    101 ;     81 ;     32 ;   1433 ;   -532 ;    807 ;   -147 ;    600 ;     22 ;   -591 ;     12 ;      2 ;    336 ;     87 ;     25 ;     26 ;     18 ;
2016-06-09 06:20 ;    720 ;     19 ;    130 ;     98 ;     78 ;     30 ;   1430 ;   -533 ;    770 ;   -128 ;    600 ;     22 ;   -590 ;     12 ;      2 ;    339 ;     82 ;     26 ;     29 ;     20 ;
2016-06-09 06:25 ;    732 ;     17 ;    133 ;     93 ;     80 ;     29 ;   1431 ;   -458 ;    743 ;   -105 ;    600 ;     22 ;   -590 ;     12 ;      2 ;    337 ;     82 ;     27 ;     32 ;     22 ;
2016-06-09 06:30 ;    734 ;     14 ;    142 ;     87 ;     83 ;     27 ;   1430 ;   -430 ;    741 ;    -67 ;    600 ;     23 ;   -590 ;     12 ;      2 ;    334 ;     81 ;     29 ;     34 ;     23 ;
2016-06-09 06:35 ;    746 ;     17 ;    153 ;     92 ;     82 ;     25 ;   1431 ;   -449 ;    794 ;    -51 ;    600 ;     23 ;   -590 ;     13 ;      2 ;    336 ;     79 ;     28 ;     37 ;     25 ;
2016-06-09 06:40 ;    744 ;     13 ;    176 ;     99 ;     77 ;     22 ;   1429 ;   -454 ;    775 ;    -54 ;    600 ;     23 ;   -590 ;     13 ;      2 ;    335 ;     72 ;     28 ;     41 ;     27 ;
2016-06-09 06:45 ;    760 ;     15 ;    187 ;    105 ;     74 ;     22 ;   1430 ;   -454 ;    778 ;    -26 ;    600 ;     24 ;   -590 ;     13 ;      2 ;    336 ;     68 ;     28 ;     46 ;     30 ;
2016-06-09 06:50 ;    778 ;      9 ;    200 ;    105 ;     77 ;     20 ;   1430 ;   -454 ;    748 ;     27 ;    600 ;     25 ;   -552 ;     14 ;      2 ;    334 ;     69 ;     28 ;     50 ;     32 ;
2016-06-09 06:55 ;    771 ;     13 ;    227 ;    105 ;     78 ;     22 ;   1430 ;   -454 ;    696 ;     84 ;    600 ;     25 ;   -516 ;     15 ;      1 ;    330 ;     70 ;     31 ;     52 ;     35 ;
2016-06-09 07:00 ;    779 ;     13 ;    253 ;    104 ;     75 ;     20 ;   1430 ;   -296 ;    510 ;    141 ;    591 ;     26 ;   -478 ;     15 ;      1 ;    317 ;     64 ;     30 ;     58 ;     37 ;
2016-06-09 07:05 ;    797 ;     16 ;    284 ;    103 ;     73 ;     19 ;   1432 ;   -140 ;    338 ;    231 ;    580 ;     26 ;   -440 ;     14 ;      2 ;    298 ;     60 ;     32 ;     65 ;     39 ;
2016-06-09 07:10 ;    826 ;     17 ;    295 ;    103 ;     73 ;     18 ;   1432 ;   -140 ;    258 ;    308 ;    580 ;     26 ;   -402 ;     14 ;      2 ;    291 ;     57 ;     34 ;     68 ;     42 ;
2016-06-09 07:15 ;    842 ;     15 ;    309 ;    103 ;     69 ;     18 ;   1432 ;   -139 ;    214 ;    324 ;    580 ;     27 ;   -364 ;     15 ;      2 ;    289 ;     53 ;     33 ;     73 ;     44 ;
2016-06-09 07:20 ;    856 ;     16 ;    325 ;    102 ;     67 ;     17 ;   1431 ;   -139 ;    217 ;    343 ;    580 ;     27 ;   -365 ;     15 ;      2 ;    290 ;     51 ;     33 ;     79 ;     46 ;
2016-06-09 07:25 ;    861 ;     14 ;    338 ;    103 ;     73 ;     16 ;   1431 ;   -140 ;    201 ;    351 ;    580 ;     26 ;   -364 ;     15 ;      2 ;    288 ;     53 ;     37 ;     86 ;     49 ;
2016-06-09 07:30 ;    869 ;     16 ;    342 ;    103 ;     75 ;     17 ;   1430 ;   -140 ;    200 ;    368 ;    580 ;     27 ;   -365 ;     16 ;      1 ;    287 ;     55 ;     37 ;     91 ;     52 ;
2016-06-09 07:35 ;    872 ;     16 ;    341 ;    103 ;     80 ;     17 ;   1430 ;   -140 ;    203 ;    373 ;    580 ;     27 ;   -364 ;     16 ;      1 ;    287 ;     57 ;     40 ;     94 ;     56 ;
2016-06-09 07:40 ;    870 ;     15 ;    341 ;    104 ;     81 ;     15 ;   1431 ;   -140 ;    221 ;    359 ;    580 ;     27 ;   -364 ;     16 ;      1 ;    288 ;     54 ;     42 ;     99 ;     58 ;
2016-06-09 07:45 ;    880 ;     15 ;    340 ;    104 ;     79 ;     15 ;   1431 ;   -139 ;    214 ;    389 ;    580 ;     27 ;   -364 ;     16 ;      1 ;    286 ;     53 ;     41 ;    106 ;     63 ;
2016-06-09 07:50 ;    878 ;     16 ;    339 ;    104 ;     79 ;     14 ;   1430 ;   -121 ;    225 ;    365 ;    580 ;     28 ;   -388 ;     17 ;      1 ;    286 ;     52 ;     40 ;    112 ;     65 ;
2016-06-09 07:55 ;    879 ;     16 ;    340 ;    104 ;     81 ;     14 ;   1431 ;   -101 ;    250 ;    344 ;    580 ;     28 ;   -418 ;     17 ;      1 ;    286 ;     53 ;     42 ;    120 ;     69 ;
2016-06-09 08:00 ;    881 ;     16 ;    353 ;    103 ;     79 ;     14 ;   1429 ;   -101 ;    294 ;    307 ;    590 ;     28 ;   -441 ;     17 ;      1 ;    291 ;     48 ;     45 ;    126 ;     72 ;
2016-06-09 08:05 ;    876 ;     16 ;    408 ;    103 ;     81 ;     14 ;   1431 ;   -101 ;    340 ;    271 ;    600 ;     28 ;   -471 ;     17 ;      1 ;    296 ;     47 ;     48 ;    130 ;     75 ;
2016-06-09 08:10 ;    897 ;     16 ;    359 ;    102 ;     84 ;     12 ;   1431 ;   -101 ;    351 ;    274 ;    600 ;     28 ;   -499 ;     17 ;      0 ;    297 ;     42 ;     53 ;    138 ;     79 ;
2016-06-09 08:15 ;    913 ;     16 ;    359 ;    102 ;     83 ;     10 ;   1432 ;   -101 ;    337 ;    244 ;    600 ;     28 ;   -524 ;     17 ;      2 ;    298 ;     38 ;     56 ;    147 ;     84 ;
2016-06-09 08:20 ;    919 ;     16 ;    366 ;    104 ;     84 ;      9 ;   1432 ;   -101 ;    329 ;    261 ;    600 ;     29 ;   -526 ;     17 ;      2 ;    297 ;     34 ;     59 ;    158 ;     88 ;
2016-06-09 08:25 ;    911 ;     16 ;    365 ;    104 ;     90 ;      9 ;   1432 ;   -101 ;    330 ;    259 ;    600 ;     28 ;   -526 ;     17 ;      2 ;    295 ;     35 ;     64 ;    166 ;     92 ;
2016-06-09 08:30 ;    911 ;     14 ;    365 ;    103 ;     91 ;     10 ;   1432 ;   -101 ;    326 ;    251 ;    600 ;     28 ;   -526 ;     18 ;      2 ;    295 ;     36 ;     65 ;    166 ;     96 ;
2016-06-09 08:35 ;    911 ;     16 ;    364 ;    104 ;     93 ;      8 ;   1431 ;   -101 ;    311 ;    236 ;    601 ;     28 ;   -526 ;     18 ;      2 ;    294 ;     37 ;     64 ;    175 ;     96 ;
2016-06-09 08:40 ;    911 ;     16 ;    366 ;    103 ;     91 ;      8 ;   1431 ;   -101 ;    308 ;    246 ;    600 ;     28 ;   -526 ;     18 ;      2 ;    293 ;     34 ;     65 ;    183 ;    102 ;
2016-06-09 08:45 ;    911 ;     17 ;    367 ;    105 ;     90 ;      7 ;   1432 ;   -101 ;    299 ;    249 ;    600 ;     28 ;   -526 ;     18 ;      1 ;    292 ;     32 ;     66 ;    182 ;    104 ;
2016-06-09 08:50 ;    908 ;     16 ;    368 ;    104 ;     93 ;      7 ;   1429 ;   -102 ;    306 ;    240 ;    600 ;     27 ;   -535 ;     19 ;      1 ;    292 ;     31 ;     69 ;    190 ;    107 ;
2016-06-09 08:55 ;    910 ;     16 ;    366 ;    104 ;     98 ;      8 ;   1430 ;   -105 ;    291 ;    241 ;    600 ;     28 ;   -546 ;     19 ;      2 ;    291 ;     31 ;     75 ;    198 ;     99 ;
2016-06-09 09:00 ;    908 ;     16 ;    365 ;    106 ;    104 ;      7 ;   1430 ;   -120 ;    302 ;    339 ;    474 ;     28 ;   -555 ;     18 ;      3 ;    279 ;     28 ;     82 ;    211 ;    105 ;
2016-06-09 09:05 ;    906 ;     18 ;    369 ;    104 ;    108 ;      6 ;   1431 ;   -125 ;    302 ;    463 ;    339 ;     26 ;   -569 ;     18 ;      3 ;    264 ;     28 ;     86 ;    218 ;    111 ;
2016-06-09 09:10 ;    908 ;     19 ;    367 ;    103 ;    115 ;      4 ;   1431 ;   -134 ;    300 ;    446 ;    337 ;     25 ;   -578 ;     19 ;      1 ;    264 ;     28 ;     91 ;    218 ;    126 ;
2016-06-09 09:15 ;    909 ;     20 ;    365 ;    103 ;    125 ;      4 ;   1431 ;   -143 ;    294 ;    449 ;    337 ;     25 ;   -588 ;     19 ;      3 ;    263 ;     28 ;    101 ;    227 ;    127 ;
2016-06-09 09:20 ;    908 ;     20 ;    364 ;    103 ;    131 ;      5 ;   1431 ;   -145 ;    295 ;    459 ;    337 ;     24 ;   -591 ;     19 ;      3 ;    262 ;     26 ;    109 ;    234 ;    128 ;
2016-06-09 09:25 ;    911 ;     21 ;    362 ;    103 ;    137 ;      3 ;   1431 ;   -145 ;    299 ;    449 ;    337 ;     24 ;   -591 ;     19 ;      2 ;    263 ;     29 ;    111 ;    236 ;    128 ;
2016-06-09 09:30 ;    913 ;     21 ;    358 ;    103 ;    142 ;      4 ;   1431 ;   -145 ;    304 ;    450 ;    337 ;     24 ;   -590 ;     18 ;      4 ;    262 ;     31 ;    115 ;    251 ;    128 ;
2016-06-09 09:35 ;    912 ;     21 ;    357 ;    104 ;    146 ;      2 ;   1431 ;   -145 ;    303 ;    448 ;    337 ;     23 ;   -590 ;     19 ;      3 ;    262 ;     32 ;    117 ;    248 ;    132 ;
2016-06-09 09:40 ;    912 ;     21 ;    360 ;    105 ;    148 ;      3 ;   1431 ;   -145 ;    310 ;    444 ;    337 ;     23 ;   -590 ;     20 ;      3 ;    261 ;     32 ;    118 ;    253 ;    139 ;
2016-06-09 09:45 ;    909 ;     20 ;    362 ;    103 ;    170 ;      2 ;   1431 ;   -145 ;    283 ;    442 ;    337 ;     23 ;   -590 ;     19 ;      3 ;    258 ;     36 ;    136 ;    264 ;    140 ;
2016-06-09 09:50 ;    912 ;     17 ;    353 ;    104 ;    169 ;      2 ;   1431 ;   -173 ;    304 ;    456 ;    337 ;     22 ;   -590 ;     20 ;      3 ;    260 ;     40 ;    132 ;    264 ;    135 ;
2016-06-09 09:55 ;    913 ;     19 ;    350 ;    104 ;    196 ;      3 ;   1431 ;   -204 ;    319 ;    456 ;    338 ;     21 ;   -590 ;     21 ;      3 ;    260 ;     44 ;    155 ;    281 ;    142 ;
2016-06-09 10:00 ;    910 ;     17 ;    358 ;    103 ;    195 ;      4 ;   1431 ;   -302 ;    400 ;    436 ;    364 ;     23 ;   -591 ;     21 ;      2 ;    271 ;     46 ;    152 ;    293 ;    133 ;
2016-06-09 10:05 ;    907 ;     14 ;    353 ;    103 ;    209 ;      3 ;   1431 ;   -404 ;    488 ;    389 ;    400 ;     26 ;   -590 ;     20 ;      4 ;    283 ;     49 ;    164 ;    295 ;    136 ;
2016-06-09 10:10 ;    908 ;     14 ;    354 ;    103 ;    213 ;      4 ;   1431 ;   -457 ;    551 ;    382 ;    401 ;     26 ;   -590 ;     19 ;      2 ;    287 ;     49 ;    168 ;    299 ;    141 ;
2016-06-09 10:15 ;    908 ;     14 ;    353 ;    102 ;    228 ;      3 ;   1431 ;   -507 ;    571 ;    374 ;    401 ;     26 ;   -590 ;     19 ;      2 ;    288 ;     49 ;    182 ;    305 ;    142 ;
2016-06-09 10:20 ;    912 ;     13 ;    345 ;    104 ;    221 ;      4 ;   1431 ;   -512 ;    570 ;    373 ;    401 ;     26 ;   -590 ;     20 ;      3 ;    288 ;     56 ;    170 ;    308 ;    150 ;
2016-06-09 10:25 ;    912 ;     13 ;    352 ;    106 ;    253 ;      5 ;   1431 ;   -513 ;    556 ;    368 ;    401 ;     26 ;   -590 ;     20 ;      3 ;    285 ;     60 ;    198 ;    310 ;    142 ;
2016-06-09 10:30 ;    911 ;     13 ;    351 ;    107 ;    253 ;      5 ;   1431 ;   -508 ;    544 ;    380 ;    401 ;     26 ;   -590 ;     20 ;      5 ;    284 ;     62 ;    196 ;    312 ;    140 ;
2016-06-09 10:35 ;    910 ;     13 ;    349 ;    107 ;    264 ;      5 ;   1431 ;   -547 ;    558 ;    372 ;    401 ;     26 ;   -590 ;     20 ;      2 ;    284 ;     61 ;    208 ;    322 ;    145 ;
2016-06-09 10:40 ;    910 ;     14 ;    351 ;    108 ;    272 ;      5 ;   1431 ;   -548 ;    563 ;    374 ;    401 ;     26 ;   -590 ;     20 ;      2 ;    282 ;     65 ;    212 ;    331 ;    162 ;
2016-06-09 10:45 ;    908 ;     13 ;    354 ;    107 ;    283 ;      5 ;   1432 ;   -548 ;    539 ;    368 ;    401 ;     26 ;   -590 ;     20 ;      2 ;    281 ;     69 ;    219 ;    323 ;    161 ;
2016-06-09 10:50 ;    908 ;     13 ;    351 ;    107 ;    299 ;      4 ;   1431 ;   -551 ;    515 ;    367 ;    401 ;     26 ;   -590 ;     21 ;      5 ;    278 ;     73 ;    230 ;    325 ;    178 ;
2016-06-09 10:55 ;    907 ;     13 ;    352 ;    108 ;    322 ;      5 ;   1432 ;   -552 ;    514 ;    366 ;    401 ;     25 ;   -591 ;     20 ;      4 ;    276 ;     75 ;    251 ;    334 ;    170 ;
2016-06-09 11:00 ;    913 ;     13 ;    352 ;    108 ;    322 ;      4 ;   1431 ;   -559 ;    516 ;    294 ;    481 ;     25 ;   -591 ;     20 ;      3 ;    282 ;     77 ;    249 ;    343 ;    156 ;
2016-06-09 11:05 ;    911 ;     14 ;    344 ;    107 ;    335 ;      4 ;   1430 ;   -560 ;    519 ;    186 ;    582 ;     24 ;   -590 ;     20 ;      4 ;    286 ;     76 ;    263 ;    347 ;    168 ;
2016-06-09 11:10 ;    912 ;     14 ;    336 ;    107 ;    331 ;      5 ;   1431 ;   -560 ;    507 ;    211 ;    584 ;     24 ;   -591 ;     21 ;      4 ;    286 ;     80 ;    256 ;    343 ;    161 ;
2016-06-09 11:15 ;    911 ;     15 ;    337 ;    109 ;    348 ;      4 ;   1431 ;   -561 ;    499 ;    193 ;    584 ;     25 ;   -590 ;     21 ;      3 ;    285 ;     81 ;    270 ;    351 ;    157 ;
2016-06-09 11:20 ;    908 ;     15 ;    337 ;    111 ;    371 ;      5 ;   1432 ;   -560 ;    469 ;    206 ;    584 ;     24 ;   -590 ;     20 ;      3 ;    281 ;     79 ;    297 ;    353 ;    160 ;
2016-06-09 11:25 ;    906 ;     15 ;    335 ;    108 ;    378 ;      4 ;   1430 ;   -560 ;    479 ;    183 ;    584 ;     24 ;   -591 ;     20 ;      3 ;    281 ;     86 ;    296 ;    357 ;    162 ;
2016-06-09 11:30 ;    909 ;     15 ;    335 ;    110 ;    399 ;      6 ;   1430 ;   -622 ;    494 ;    183 ;    584 ;     24 ;   -590 ;     20 ;      3 ;    281 ;     86 ;    318 ;    356 ;    171 ;
2016-06-09 11:35 ;    911 ;     15 ;    335 ;    109 ;    393 ;      8 ;   1431 ;   -626 ;    492 ;    179 ;    584 ;     24 ;   -590 ;     21 ;      3 ;    281 ;     88 ;    313 ;    364 ;    169 ;
2016-06-09 11:40 ;    917 ;     15 ;    337 ;    109 ;    410 ;     14 ;   1431 ;   -626 ;    464 ;    185 ;    584 ;     23 ;   -589 ;     21 ;      3 ;    278 ;     87 ;    337 ;    367 ;    175 ;
2016-06-09 11:45 ;    914 ;     15 ;    336 ;    109 ;    426 ;     15 ;   1431 ;   -704 ;    518 ;    184 ;    584 ;     23 ;   -590 ;     20 ;      4 ;    281 ;     95 ;    347 ;    364 ;    170 ;
2016-06-09 11:50 ;    912 ;     15 ;    336 ;    107 ;    438 ;     17 ;   1431 ;   -705 ;    486 ;    179 ;    584 ;     23 ;   -590 ;     20 ;      3 ;    279 ;    103 ;    352 ;    369 ;    166 ;
2016-06-09 11:55 ;    911 ;     15 ;    341 ;    107 ;    454 ;     16 ;   1431 ;   -704 ;    485 ;    223 ;    534 ;     23 ;   -590 ;     20 ;      3 ;    274 ;    101 ;    369 ;    374 ;    172 ;
2016-06-09 12:00 ;    908 ;     15 ;    341 ;    108 ;    466 ;     17 ;   1351 ;   -737 ;    558 ;    339 ;    409 ;     22 ;   -590 ;     21 ;      3 ;    274 ;    102 ;    380 ;    374 ;    179 ;
2016-06-09 12:05 ;    906 ;     16 ;    325 ;    108 ;    464 ;     19 ;   1258 ;   -742 ;    657 ;    474 ;    265 ;     22 ;   -590 ;     22 ;      5 ;    275 ;    108 ;    374 ;    379 ;    175 ;
2016-06-09 12:10 ;    907 ;     16 ;    310 ;    109 ;    485 ;     16 ;   1258 ;   -742 ;    661 ;    524 ;    216 ;     23 ;   -593 ;     21 ;      4 ;    272 ;    117 ;    383 ;    355 ;    173 ;
2016-06-09 12:15 ;    908 ;     15 ;    304 ;    108 ;    506 ;     17 ;   1260 ;   -742 ;    636 ;    521 ;    212 ;     22 ;   -590 ;     22 ;      5 ;    268 ;    120 ;    404 ;    372 ;    173 ;
2016-06-09 12:20 ;    911 ;     15 ;    299 ;    109 ;    504 ;     16 ;   1259 ;   -743 ;    622 ;    515 ;    212 ;     22 ;   -590 ;     22 ;      6 ;    269 ;    123 ;    396 ;    367 ;    173 ;
2016-06-09 12:25 ;    908 ;     16 ;    296 ;    109 ;    493 ;     15 ;   1259 ;   -742 ;    628 ;    505 ;    212 ;     21 ;   -590 ;     22 ;      5 ;    268 ;    128 ;    380 ;    365 ;    192 ;
2016-06-09 12:30 ;    901 ;     14 ;    291 ;    110 ;    537 ;     17 ;   1226 ;   -743 ;    666 ;    518 ;    212 ;     21 ;   -590 ;     21 ;      6 ;    268 ;    142 ;    413 ;    368 ;    191 ;
2016-06-09 12:35 ;    897 ;     15 ;    285 ;    109 ;    551 ;     14 ;   1225 ;   -741 ;    672 ;    513 ;    212 ;     21 ;   -590 ;     22 ;      3 ;    267 ;    152 ;    413 ;    366 ;    192 ;
2016-06-09 12:40 ;    881 ;     15 ;    281 ;    109 ;    553 ;     17 ;   1226 ;   -742 ;    695 ;    520 ;    212 ;     21 ;   -591 ;     21 ;      5 ;    266 ;    166 ;    404 ;    377 ;    190 ;
2016-06-09 12:45 ;    882 ;     15 ;    276 ;    109 ;    582 ;     18 ;   1225 ;   -742 ;    681 ;    526 ;    212 ;     21 ;   -590 ;     21 ;      3 ;    264 ;    179 ;    420 ;    388 ;    171 ;
2016-06-09 12:50 ;    859 ;     15 ;    277 ;    109 ;    601 ;     19 ;   1225 ;   -743 ;    692 ;    525 ;    212 ;     21 ;   -591 ;     22 ;      3 ;    262 ;    192 ;    428 ;    370 ;    172 ;
2016-06-09 12:55 ;    835 ;     14 ;    279 ;    108 ;    604 ;     18 ;   1225 ;   -742 ;    711 ;    527 ;    212 ;     20 ;   -591 ;     22 ;      4 ;    259 ;    204 ;    417 ;    373 ;    180 ;
2016-06-09 13:00 ;    799 ;     15 ;    278 ;    109 ;    637 ;     19 ;   1230 ;   -742 ;    693 ;    511 ;    240 ;     22 ;   -591 ;     22 ;      4 ;    253 ;    214 ;    442 ;    381 ;    173 ;
2016-06-09 13:05 ;    785 ;     14 ;    275 ;    109 ;    648 ;     18 ;   1230 ;   -742 ;    674 ;    471 ;    269 ;     22 ;   -590 ;     22 ;      7 ;    251 ;    218 ;    448 ;    380 ;    193 ;
2016-06-09 13:10 ;    780 ;     15 ;    274 ;    109 ;    664 ;     19 ;   1229 ;   -742 ;    650 ;    472 ;    272 ;     22 ;   -590 ;     22 ;      4 ;    248 ;    228 ;    455 ;    385 ;    190 ;
2016-06-09 13:15 ;    775 ;     15 ;    272 ;    107 ;    678 ;     16 ;   1231 ;   -743 ;    661 ;    476 ;    272 ;     21 ;   -591 ;     21 ;      4 ;    247 ;    236 ;    457 ;    382 ;    189 ;
2016-06-09 13:20 ;    767 ;     15 ;    270 ;    108 ;    695 ;     23 ;   1230 ;   -742 ;    648 ;    460 ;    272 ;     21 ;   -591 ;     22 ;      5 ;    244 ;    244 ;    473 ;    383 ;    196 ;
2016-06-09 13:25 ;    756 ;     15 ;    264 ;    109 ;    716 ;     23 ;   1232 ;   -742 ;    667 ;    458 ;    272 ;     20 ;   -591 ;     21 ;      8 ;    244 ;    254 ;    485 ;    369 ;    187 ;
2016-06-09 13:30 ;    747 ;     14 ;    265 ;    108 ;    693 ;     26 ;   1231 ;   -742 ;    654 ;    455 ;    272 ;     20 ;   -590 ;     22 ;      5 ;    243 ;    252 ;    466 ;    376 ;    189 ;
2016-06-09 13:35 ;    743 ;     15 ;    266 ;    108 ;    705 ;     24 ;   1234 ;   -742 ;    636 ;    447 ;    272 ;     19 ;   -590 ;     22 ;      5 ;    242 ;    275 ;    454 ;    368 ;    186 ;
2016-06-09 13:40 ;    744 ;     15 ;    265 ;    108 ;    737 ;     22 ;   1239 ;   -742 ;    645 ;    433 ;    272 ;     18 ;   -590 ;     22 ;      4 ;    240 ;    287 ;    472 ;    375 ;    193 ;
2016-06-09 13:45 ;    744 ;     15 ;    262 ;     95 ;    769 ;     23 ;   1238 ;   -742 ;    616 ;    455 ;    272 ;     19 ;   -590 ;     23 ;      4 ;    236 ;    299 ;    493 ;    378 ;    183 ;
2016-06-09 13:50 ;    742 ;     15 ;    262 ;     95 ;    755 ;     26 ;   1242 ;   -741 ;    601 ;    448 ;    272 ;     19 ;   -590 ;     22 ;      5 ;    235 ;    306 ;    476 ;    378 ;    191 ;
2016-06-09 13:55 ;    745 ;     15 ;    263 ;     96 ;    773 ;     25 ;   1242 ;   -743 ;    577 ;    446 ;    296 ;     18 ;   -591 ;     22 ;      3 ;    235 ;    308 ;    491 ;    366 ;    193 ;
2016-06-09 14:00 ;    749 ;     15 ;    264 ;     95 ;    776 ;     27 ;   1278 ;   -741 ;    528 ;    292 ;    424 ;     18 ;   -590 ;     22 ;      5 ;    240 ;    312 ;    491 ;    359 ;    180 ;
2016-06-09 14:05 ;    749 ;     15 ;    264 ;     93 ;    786 ;     26 ;   1318 ;   -743 ;    438 ;    168 ;    563 ;     18 ;   -590 ;     22 ;      4 ;    240 ;    329 ;    483 ;    365 ;    189 ;
2016-06-09 14:10 ;    748 ;     15 ;    265 ;     93 ;    803 ;     28 ;   1320 ;   -742 ;    415 ;    137 ;    600 ;     18 ;   -590 ;     22 ;      7 ;    239 ;    332 ;    499 ;    377 ;    188 ;
2016-06-09 14:15 ;    746 ;     15 ;    265 ;     93 ;    832 ;     30 ;   1320 ;   -742 ;    399 ;    116 ;    600 ;     18 ;   -590 ;     22 ;      7 ;    238 ;    341 ;    520 ;    356 ;    181 ;
2016-06-09 14:20 ;    744 ;     14 ;    266 ;     93 ;    842 ;     29 ;   1320 ;   -742 ;    373 ;    141 ;    600 ;     18 ;   -590 ;     22 ;      4 ;    235 ;    343 ;    528 ;    355 ;    191 ;
2016-06-09 14:25 ;    741 ;     15 ;    267 ;     92 ;    867 ;     30 ;   1320 ;   -742 ;    375 ;    135 ;    600 ;     17 ;   -590 ;     23 ;      6 ;    234 ;    351 ;    546 ;    346 ;    191 ;
2016-06-09 14:30 ;    741 ;     15 ;    268 ;     92 ;    890 ;     30 ;   1322 ;   -742 ;    353 ;    133 ;    600 ;     16 ;   -590 ;     23 ;      6 ;    231 ;    353 ;    567 ;    357 ;    188 ;
2016-06-09 14:35 ;    743 ;     15 ;    272 ;     93 ;    895 ;     27 ;   1321 ;   -742 ;    319 ;    132 ;    600 ;     16 ;   -590 ;     23 ;      8 ;    230 ;    355 ;    567 ;    356 ;    192 ;
2016-06-09 14:40 ;    733 ;     15 ;    276 ;     92 ;    896 ;     34 ;   1322 ;   -743 ;    332 ;    113 ;    600 ;     16 ;   -590 ;     23 ;      6 ;    230 ;    344 ;    587 ;    345 ;    186 ;
2016-06-09 14:45 ;    728 ;     15 ;    279 ;     92 ;    900 ;     37 ;   1321 ;   -742 ;    334 ;    129 ;    600 ;     16 ;   -591 ;     24 ;      4 ;    229 ;    346 ;    592 ;    358 ;    181 ;
2016-06-09 14:50 ;    733 ;     14 ;    282 ;     92 ;    947 ;     37 ;   1321 ;   -742 ;    327 ;    113 ;    600 ;     16 ;   -591 ;     23 ;      5 ;    227 ;    348 ;    635 ;    346 ;    184 ;
2016-06-09 14:55 ;    711 ;     14 ;    288 ;     93 ;    956 ;     41 ;   1326 ;   -742 ;    313 ;    117 ;    600 ;     15 ;   -591 ;     23 ;      4 ;    223 ;    348 ;    649 ;    351 ;    178 ;
2016-06-09 15:00 ;    693 ;     15 ;    292 ;     92 ;    948 ;     42 ;   1394 ;   -743 ;    256 ;    113 ;    599 ;     15 ;   -590 ;     23 ;      7 ;    217 ;    336 ;    654 ;    336 ;    177 ;
2016-06-09 15:05 ;    649 ;     15 ;    294 ;     93 ;    970 ;     39 ;   1400 ;   -743 ;    185 ;     94 ;    600 ;     16 ;   -590 ;     23 ;      5 ;    208 ;    345 ;    665 ;    334 ;    175 ;
2016-06-09 15:10 ;    625 ;     14 ;    293 ;     93 ;    996 ;     39 ;   1399 ;   -742 ;    174 ;     99 ;    600 ;     16 ;   -590 ;     24 ;      8 ;    204 ;    353 ;    682 ;    342 ;    172 ;
2016-06-09 15:15 ;    615 ;     14 ;    292 ;     92 ;   1009 ;     42 ;   1398 ;   -743 ;    179 ;     83 ;    600 ;     15 ;   -590 ;     23 ;      6 ;    202 ;    364 ;    687 ;    343 ;    171 ;
2016-06-09 15:20 ;    610 ;     14 ;    295 ;     92 ;   1025 ;     42 ;   1400 ;   -742 ;    156 ;     73 ;    600 ;     16 ;   -590 ;     23 ;      7 ;    200 ;    356 ;    711 ;    340 ;    169 ;
2016-06-09 15:25 ;    611 ;     14 ;    297 ;     92 ;   1021 ;     47 ;   1313 ;   -742 ;    217 ;     74 ;    600 ;     15 ;   -590 ;     23 ;      8 ;    207 ;    368 ;    700 ;    337 ;    165 ;
2016-06-09 15:30 ;    608 ;     15 ;    298 ;     92 ;   1024 ;     41 ;   1283 ;   -742 ;    238 ;     81 ;    600 ;     15 ;   -590 ;     23 ;      8 ;    209 ;    361 ;    704 ;    333 ;    167 ;
2016-06-09 15:35 ;    609 ;     14 ;    298 ;     92 ;   1067 ;     45 ;   1283 ;   -742 ;    204 ;     76 ;    600 ;     15 ;   -590 ;     23 ;      5 ;    205 ;    370 ;    743 ;    340 ;    158 ;
2016-06-09 15:40 ;    613 ;     14 ;    298 ;     91 ;   1056 ;     45 ;   1282 ;   -742 ;    194 ;     75 ;    600 ;     15 ;   -590 ;     22 ;      6 ;    206 ;    366 ;    735 ;    331 ;    152 ;
2016-06-09 15:45 ;    613 ;     14 ;    296 ;     88 ;   1066 ;     49 ;   1283 ;   -742 ;    163 ;     80 ;    600 ;     15 ;   -590 ;     22 ;      9 ;    203 ;    372 ;    742 ;    334 ;    165 ;
2016-06-09 15:50 ;    608 ;     14 ;    294 ;     88 ;   1085 ;     52 ;   1282 ;   -742 ;    166 ;     65 ;    600 ;     16 ;   -590 ;     22 ;      7 ;    202 ;    382 ;    754 ;    332 ;    158 ;
2016-06-09 15:55 ;    588 ;     14 ;    297 ;     89 ;   1087 ;     53 ;   1282 ;   -742 ;    165 ;     68 ;    600 ;     16 ;   -590 ;     22 ;      7 ;    200 ;    387 ;    752 ;    317 ;    161 ;
2016-06-09 16:00 ;    571 ;     13 ;    298 ;     89 ;   1096 ;     50 ;   1273 ;   -743 ;    164 ;     56 ;    600 ;     17 ;   -591 ;     23 ;      6 ;    197 ;    387 ;    759 ;    330 ;    161 ;
2016-06-09 16:05 ;    555 ;     14 ;    296 ;     88 ;   1117 ;     54 ;   1273 ;   -742 ;    141 ;     53 ;    600 ;     16 ;   -590 ;     23 ;      8 ;    194 ;    391 ;    781 ;    320 ;    156 ;
2016-06-09 16:10 ;    537 ;     14 ;    292 ;     88 ;   1160 ;     66 ;   1273 ;   -742 ;    153 ;     63 ;    600 ;     16 ;   -591 ;     22 ;      9 ;    190 ;    403 ;    823 ;    323 ;    154 ;
2016-06-09 16:15 ;    524 ;     14 ;    290 ;     78 ;   1169 ;     69 ;   1273 ;   -742 ;    154 ;     61 ;    600 ;     16 ;   -590 ;     22 ;      8 ;    188 ;    414 ;    824 ;    311 ;    150 ;
2016-06-09 16:20 ;    517 ;     14 ;    289 ;     79 ;   1150 ;     70 ;   1273 ;   -742 ;    171 ;     67 ;    600 ;     16 ;   -590 ;     22 ;     10 ;    188 ;    412 ;    808 ;    316 ;    152 ;
2016-06-09 16:25 ;    522 ;     13 ;    290 ;     79 ;   1194 ;     66 ;   1273 ;   -743 ;    133 ;     84 ;    600 ;     16 ;   -590 ;     22 ;      9 ;    186 ;    429 ;    831 ;    300 ;    145 ;
2016-06-09 16:30 ;    521 ;     14 ;    290 ;     77 ;   1225 ;     69 ;   1273 ;   -743 ;    170 ;     90 ;    600 ;     16 ;   -590 ;     22 ;      8 ;    186 ;    439 ;    854 ;    307 ;    143 ;
2016-06-09 16:35 ;    520 ;     13 ;    292 ;     77 ;   1222 ;     75 ;   1274 ;   -742 ;    151 ;     80 ;    600 ;     16 ;   -590 ;     22 ;      9 ;    185 ;    430 ;    868 ;    304 ;    140 ;
2016-06-09 16:40 ;    515 ;     13 ;    291 ;     77 ;   1258 ;     71 ;   1273 ;   -742 ;    157 ;     88 ;    600 ;     17 ;   -591 ;     21 ;      5 ;    184 ;    431 ;    898 ;    302 ;    134 ;
2016-06-09 16:45 ;    541 ;     13 ;    293 ;     76 ;   1257 ;     67 ;   1272 ;   -741 ;    140 ;    105 ;    600 ;     17 ;   -591 ;     21 ;      6 ;    187 ;    426 ;    899 ;    298 ;    125 ;
2016-06-09 16:50 ;    548 ;     14 ;    292 ;     76 ;   1266 ;     79 ;   1269 ;   -742 ;    147 ;    104 ;    600 ;     18 ;   -590 ;     22 ;      9 ;    188 ;    422 ;    923 ;    284 ;    126 ;
2016-06-09 16:55 ;    583 ;     14 ;    295 ;     76 ;   1295 ;     71 ;   1270 ;   -742 ;    124 ;    115 ;    600 ;     17 ;   -590 ;     22 ;      8 ;    189 ;    412 ;    954 ;    287 ;    124 ;
2016-06-09 17:00 ;    637 ;     13 ;    293 ;     77 ;   1285 ;     76 ;   1268 ;   -742 ;     50 ;    116 ;    600 ;     18 ;   -590 ;     22 ;      9 ;    193 ;    408 ;    954 ;    284 ;    127 ;
2016-06-09 17:05 ;    681 ;     13 ;    293 ;     76 ;   1315 ;     73 ;   1266 ;   -742 ;      2 ;    120 ;    600 ;     18 ;   -590 ;     21 ;      9 ;    196 ;    390 ;    999 ;    270 ;    122 ;
2016-06-09 17:10 ;    701 ;     13 ;    291 ;     77 ;   1275 ;     72 ;   1267 ;   -742 ;    -54 ;    147 ;    600 ;     19 ;   -590 ;     21 ;      9 ;    197 ;    352 ;    995 ;    264 ;    117 ;
2016-06-09 17:15 ;    739 ;     13 ;    291 ;     76 ;   1303 ;     70 ;   1267 ;   -743 ;    -96 ;    147 ;    600 ;     19 ;   -590 ;     21 ;      6 ;    200 ;    372 ;   1001 ;    258 ;    107 ;
2016-06-09 17:20 ;    770 ;     13 ;    291 ;     80 ;   1344 ;     64 ;   1268 ;   -741 ;    -95 ;    157 ;    600 ;     20 ;   -590 ;     22 ;      9 ;    202 ;    365 ;   1042 ;    259 ;    107 ;
2016-06-09 17:25 ;    799 ;     13 ;    291 ;     79 ;   1358 ;     67 ;   1199 ;   -742 ;    -73 ;    157 ;    600 ;     19 ;   -591 ;     21 ;      9 ;    208 ;    377 ;   1049 ;    245 ;    106 ;
2016-06-09 17:30 ;    818 ;     13 ;    291 ;     81 ;   1382 ;     71 ;   1194 ;   -742 ;   -105 ;    183 ;    600 ;     20 ;   -590 ;     21 ;      8 ;    208 ;    375 ;   1078 ;    239 ;    103 ;
2016-06-09 17:35 ;    824 ;     13 ;    292 ;     81 ;   1352 ;     72 ;   1193 ;   -742 ;    -58 ;    153 ;    600 ;     20 ;   -590 ;     21 ;      9 ;    213 ;    366 ;   1058 ;    236 ;    102 ;
2016-06-09 17:40 ;    833 ;     13 ;    291 ;     81 ;   1364 ;     76 ;   1193 ;   -742 ;    -95 ;    160 ;    600 ;     20 ;   -590 ;     21 ;      6 ;    212 ;    373 ;   1067 ;    229 ;     96 ;
2016-06-09 17:45 ;    833 ;     13 ;    292 ;     82 ;   1411 ;     73 ;   1199 ;   -743 ;   -127 ;    185 ;    600 ;     20 ;   -590 ;     21 ;      4 ;    209 ;    357 ;   1127 ;    219 ;     90 ;
2016-06-09 17:50 ;    823 ;     13 ;    290 ;     82 ;   1452 ;     78 ;   1204 ;   -743 ;   -135 ;    190 ;    600 ;     20 ;   -590 ;     20 ;      8 ;    205 ;    367 ;   1163 ;    210 ;     92 ;
2016-06-09 17:55 ;    803 ;     13 ;    290 ;     83 ;   1456 ;     76 ;   1195 ;   -742 ;    -82 ;    195 ;    600 ;     21 ;   -590 ;     20 ;      4 ;    206 ;    355 ;   1177 ;    204 ;     90 ;
2016-06-09 18:00 ;    759 ;     13 ;    290 ;     82 ;   1473 ;     71 ;   1191 ;   -743 ;    -63 ;    189 ;    600 ;     21 ;   -590 ;     20 ;      4 ;    202 ;    364 ;   1180 ;    197 ;     86 ;
2016-06-09 18:05 ;    704 ;     13 ;    291 ;     83 ;   1489 ;     77 ;   1190 ;   -743 ;    -59 ;    183 ;    600 ;     21 ;   -590 ;     20 ;      9 ;    195 ;    360 ;   1205 ;    192 ;     80 ;
2016-06-09 18:10 ;    693 ;     13 ;    289 ;     82 ;   1460 ;     82 ;   1191 ;   -742 ;    -61 ;    176 ;    600 ;     21 ;   -591 ;     20 ;      8 ;    196 ;    357 ;   1185 ;    181 ;     74 ;
2016-06-09 18:15 ;    678 ;     13 ;    285 ;     83 ;   1472 ;     81 ;   1194 ;   -742 ;    -72 ;    184 ;    600 ;     22 ;   -591 ;     20 ;      5 ;    194 ;    355 ;   1197 ;    172 ;     70 ;
2016-06-09 18:20 ;    666 ;     13 ;    285 ;     82 ;   1455 ;     85 ;   1197 ;   -742 ;    -47 ;    176 ;    600 ;     22 ;   -590 ;     20 ;      7 ;    194 ;    353 ;   1186 ;    169 ;     66 ;
2016-06-09 18:25 ;    662 ;     13 ;    284 ;     83 ;   1470 ;     82 ;   1200 ;   -742 ;    -54 ;    175 ;    600 ;     22 ;   -590 ;     20 ;      8 ;    193 ;    361 ;   1191 ;    168 ;     63 ;
2016-06-09 18:30 ;    661 ;     13 ;    285 ;     84 ;   1474 ;     75 ;   1144 ;   -742 ;    -49 ;    171 ;    600 ;     22 ;   -591 ;     20 ;      6 ;    196 ;    374 ;   1174 ;    164 ;     56 ;
2016-06-09 18:35 ;    663 ;     13 ;    285 ;     83 ;   1500 ;     87 ;   1140 ;   -742 ;    -68 ;    148 ;    600 ;     22 ;   -591 ;     20 ;      7 ;    195 ;    406 ;   1181 ;    152 ;     54 ;
2016-06-09 18:40 ;    673 ;     13 ;    285 ;     81 ;   1510 ;     81 ;   1141 ;   -743 ;    -82 ;    166 ;    600 ;     22 ;   -590 ;     20 ;      8 ;    195 ;    427 ;   1164 ;    149 ;     47 ;
2016-06-09 18:45 ;    677 ;     13 ;    285 ;     82 ;   1573 ;     86 ;   1142 ;   -742 ;   -122 ;    150 ;    600 ;     22 ;   -590 ;     19 ;      7 ;    191 ;    463 ;   1196 ;    140 ;     43 ;
2016-06-09 18:50 ;    676 ;     13 ;    288 ;     82 ;   1606 ;     94 ;   1141 ;   -742 ;   -101 ;    157 ;    600 ;     22 ;   -590 ;     19 ;      7 ;    190 ;    520 ;   1180 ;    138 ;     41 ;
2016-06-09 18:55 ;    665 ;     13 ;    293 ;     81 ;   1706 ;     95 ;   1141 ;   -742 ;   -154 ;    159 ;    600 ;     23 ;   -590 ;     19 ;      8 ;    183 ;    556 ;   1245 ;    133 ;     39 ;
2016-06-09 19:00 ;    619 ;     13 ;    295 ;     81 ;   1715 ;     88 ;   1144 ;   -742 ;   -146 ;    154 ;    600 ;     22 ;   -590 ;     19 ;      8 ;    177 ;    591 ;   1213 ;    129 ;     38 ;
2016-06-09 19:05 ;    561 ;     13 ;    294 ;     82 ;   1749 ;     95 ;   1144 ;   -742 ;   -134 ;    146 ;    600 ;     23 ;   -590 ;     19 ;     11 ;    168 ;    613 ;   1231 ;    126 ;     35 ;
2016-06-09 19:10 ;    480 ;     13 ;    295 ;     82 ;   1763 ;     95 ;   1141 ;   -742 ;    -77 ;    142 ;    600 ;     23 ;   -591 ;     18 ;     10 ;    161 ;    619 ;   1239 ;    115 ;     28 ;
2016-06-09 19:15 ;    463 ;     13 ;    295 ;     82 ;   1741 ;     96 ;   1133 ;   -743 ;    -98 ;    129 ;    600 ;     23 ;   -590 ;     18 ;      7 ;    159 ;    622 ;   1216 ;    107 ;     26 ;
2016-06-09 19:20 ;    421 ;     13 ;    297 ;     82 ;   1723 ;     92 ;   1140 ;   -742 ;     -1 ;    111 ;    600 ;     23 ;   -590 ;     19 ;      6 ;    159 ;    613 ;   1202 ;     99 ;     26 ;
2016-06-09 19:25 ;    391 ;     13 ;    297 ;     81 ;   1732 ;     87 ;   1139 ;   -742 ;    -54 ;    112 ;    600 ;     23 ;   -590 ;     19 ;      8 ;    152 ;    635 ;   1183 ;     97 ;     25 ;
2016-06-09 19:30 ;    373 ;     13 ;    296 ;     82 ;   1707 ;     84 ;   1136 ;   -742 ;    -69 ;    128 ;    600 ;     23 ;   -590 ;     18 ;      7 ;    150 ;    637 ;   1154 ;     90 ;     25 ;
2016-06-09 19:35 ;    378 ;     13 ;    297 ;     82 ;   1689 ;     85 ;   1136 ;   -741 ;    -81 ;    111 ;    600 ;     23 ;   -590 ;     18 ;      9 ;    151 ;    638 ;   1136 ;     80 ;     26 ;
2016-06-09 19:40 ;    383 ;     13 ;    298 ;     82 ;   1705 ;     83 ;   1136 ;   -742 ;    -92 ;    122 ;    600 ;     23 ;   -590 ;     17 ;     10 ;    151 ;    659 ;   1129 ;     75 ;     24 ;
2016-06-09 19:45 ;    386 ;     13 ;    296 ;     82 ;   1714 ;     79 ;   1136 ;   -742 ;    -68 ;    116 ;    600 ;     23 ;   -590 ;     17 ;      8 ;    153 ;    659 ;   1134 ;     67 ;     21 ;
2016-06-09 19:50 ;    388 ;     13 ;    295 ;     82 ;   1711 ;     83 ;   1134 ;   -743 ;    -71 ;     98 ;    600 ;     23 ;   -590 ;     17 ;      6 ;    153 ;    656 ;   1138 ;     63 ;     18 ;
2016-06-09 19:55 ;    391 ;     13 ;    297 ;     81 ;   1730 ;     91 ;   1133 ;   -742 ;    -86 ;     87 ;    600 ;     22 ;   -590 ;     16 ;      4 ;    152 ;    661 ;   1160 ;     58 ;     17 ;
2016-06-09 20:00 ;    393 ;     16 ;    274 ;     81 ;   1720 ;     88 ;   1132 ;   -743 ;    -70 ;     88 ;    577 ;     22 ;   -590 ;     16 ;      6 ;    152 ;    655 ;   1153 ;     52 ;     16 ;
2016-06-09 20:05 ;    408 ;     17 ;    238 ;     82 ;   1708 ;     93 ;   1236 ;   -742 ;   -121 ;    100 ;    554 ;     22 ;   -590 ;     16 ;      7 ;    146 ;    634 ;   1167 ;     48 ;     16 ;
2016-06-09 20:10 ;    414 ;     15 ;    192 ;     81 ;   1674 ;     99 ;   1270 ;   -743 ;    -47 ;    107 ;    554 ;     22 ;   -590 ;     16 ;      5 ;    149 ;    620 ;   1152 ;     43 ;     16 ;
2016-06-09 20:15 ;    423 ;     17 ;    151 ;     81 ;   1657 ;    103 ;   1271 ;   -743 ;    -44 ;     96 ;    553 ;     22 ;   -590 ;     15 ;      9 ;    150 ;    609 ;   1151 ;     39 ;     16 ;
2016-06-09 20:20 ;    428 ;     14 ;    145 ;     81 ;   1674 ;    104 ;   1271 ;   -742 ;    -93 ;     85 ;    554 ;     22 ;   -590 ;     15 ;     10 ;    148 ;    598 ;   1180 ;     35 ;     15 ;
2016-06-09 20:25 ;    429 ;     16 ;    144 ;     81 ;   1644 ;    104 ;   1302 ;   -741 ;    -72 ;     78 ;    554 ;     21 ;   -590 ;     15 ;      6 ;    150 ;    572 ;   1177 ;     31 ;     15 ;
2016-06-09 20:30 ;    438 ;     16 ;    144 ;     81 ;   1609 ;    110 ;   1308 ;   -743 ;    -82 ;     85 ;    554 ;     21 ;   -590 ;     15 ;      7 ;    152 ;    563 ;   1156 ;     28 ;     14 ;
2016-06-09 20:35 ;    461 ;     16 ;    144 ;     82 ;   1630 ;    116 ;   1309 ;   -743 ;    -94 ;     73 ;    554 ;     21 ;   -590 ;     15 ;      6 ;    153 ;    555 ;   1191 ;     26 ;     14 ;
2016-06-09 20:40 ;    468 ;     17 ;    143 ;     82 ;   1584 ;    118 ;   1309 ;   -742 ;    -52 ;     59 ;    554 ;     21 ;   -591 ;     15 ;      7 ;    159 ;    576 ;   1126 ;     23 ;     14 ;
2016-06-09 20:45 ;    471 ;     16 ;    143 ;     82 ;   1578 ;    131 ;   1308 ;   -742 ;   -102 ;     46 ;    554 ;     21 ;   -591 ;     14 ;      8 ;    157 ;    586 ;   1124 ;     21 ;     12 ;
2016-06-09 20:50 ;    474 ;     14 ;    142 ;     81 ;   1579 ;    148 ;   1312 ;   -742 ;    -86 ;     39 ;    554 ;     21 ;   -590 ;     14 ;      8 ;    157 ;    587 ;   1139 ;     19 ;     10 ;
2016-06-09 20:55 ;    444 ;     14 ;    140 ;     80 ;   1566 ;    149 ;   1312 ;   -743 ;    -45 ;     26 ;    554 ;     20 ;   -590 ;     14 ;      7 ;    155 ;    603 ;   1111 ;     17 ;      9 ;
2016-06-09 21:00 ;    413 ;     15 ;    141 ;     80 ;   1575 ;    160 ;   1360 ;   -742 ;    -72 ;     -2 ;    576 ;     21 ;   -590 ;     14 ;      8 ;    148 ;    610 ;   1125 ;     15 ;      8 ;
2016-06-09 21:05 ;    403 ;     14 ;    139 ;     81 ;   1562 ;    143 ;   1367 ;   -742 ;    -95 ;    -19 ;    599 ;     21 ;   -590 ;     14 ;      7 ;    147 ;    610 ;   1095 ;     14 ;      7 ;
2016-06-09 21:10 ;    385 ;     14 ;    135 ;     81 ;   1602 ;    141 ;   1412 ;   -742 ;    -98 ;    -34 ;    600 ;     21 ;   -590 ;     14 ;      9 ;    141 ;    636 ;   1107 ;     12 ;      6 ;
2016-06-09 21:15 ;    392 ;     13 ;    137 ;     82 ;   1582 ;    165 ;   1418 ;   -743 ;    -96 ;    -53 ;    600 ;     21 ;   -590 ;     13 ;      9 ;    142 ;    684 ;   1064 ;     10 ;      5 ;
2016-06-09 21:20 ;    387 ;     15 ;    137 ;     81 ;   1604 ;    177 ;   1419 ;   -742 ;    -87 ;    -78 ;    600 ;     21 ;   -590 ;     13 ;     10 ;    141 ;    720 ;   1060 ;      9 ;      4 ;
2016-06-09 21:25 ;    354 ;     16 ;    138 ;     81 ;   1602 ;    192 ;   1419 ;   -742 ;    -41 ;   -108 ;    600 ;     20 ;   -590 ;     13 ;      9 ;    137 ;    728 ;   1065 ;      7 ;      3 ;
2016-06-09 21:30 ;    355 ;     13 ;    137 ;     81 ;   1603 ;    220 ;   1419 ;   -743 ;    -75 ;   -111 ;    600 ;     20 ;   -590 ;     13 ;      9 ;    134 ;    764 ;   1060 ;      6 ;      2 ;
2016-06-09 21:35 ;    355 ;     17 ;    136 ;     81 ;   1613 ;    232 ;   1419 ;   -742 ;    -97 ;   -136 ;    600 ;     20 ;   -590 ;     13 ;      9 ;    133 ;    776 ;   1069 ;      5 ;      2 ;
2016-06-09 21:40 ;    358 ;     12 ;    136 ;     81 ;   1647 ;    244 ;   1418 ;   -742 ;    -77 ;   -157 ;    600 ;     20 ;   -590 ;     12 ;      7 ;    132 ;    797 ;   1094 ;      4 ;      1 ;
2016-06-09 21:45 ;    360 ;     15 ;    138 ;     80 ;   1620 ;    257 ;   1419 ;   -742 ;    -78 ;   -180 ;    600 ;     20 ;   -590 ;     12 ;      7 ;    133 ;    822 ;   1055 ;      3 ;      1 ;
2016-06-09 21:50 ;    367 ;     12 ;    140 ;     80 ;   1625 ;    277 ;   1405 ;   -743 ;    -86 ;   -198 ;    600 ;     20 ;   -590 ;     12 ;      6 ;    133 ;    835 ;   1067 ;      2 ;      0 ;
2016-06-09 21:55 ;    345 ;     17 ;    137 ;     81 ;   1650 ;    294 ;   1391 ;   -742 ;    -53 ;   -217 ;    600 ;     19 ;   -589 ;     12 ;      5 ;    131 ;    847 ;   1096 ;      1 ;      0 ;
2016-06-09 22:00 ;    325 ;     14 ;    138 ;     81 ;   1656 ;    309 ;   1372 ;   -742 ;    -75 ;   -198 ;    600 ;     20 ;   -522 ;     12 ;      6 ;    126 ;    867 ;   1099 ;      1 ;      0 ;
2016-06-09 22:05 ;    321 ;     17 ;    133 ;     81 ;   1643 ;    321 ;   1357 ;   -742 ;    -72 ;   -212 ;    600 ;     20 ;   -520 ;     12 ;      7 ;    126 ;    893 ;   1072 ;      1 ;      0 ;
2016-06-09 22:10 ;    316 ;     18 ;    130 ;     80 ;   1639 ;    358 ;   1353 ;   -742 ;    -82 ;   -251 ;    600 ;     20 ;   -521 ;     12 ;      8 ;    123 ;    919 ;   1078 ;      0 ;      0 ;
2016-06-09 22:15 ;    316 ;     17 ;    129 ;     80 ;   1636 ;    381 ;   1339 ;   -742 ;    -87 ;   -272 ;    600 ;     20 ;   -521 ;     12 ;      7 ;    123 ;    942 ;   1076 ;      0 ;      0 ;
2016-06-09 22:20 ;    317 ;     18 ;    125 ;     79 ;   1698 ;    384 ;   1339 ;   -743 ;    -93 ;   -263 ;    600 ;     19 ;   -521 ;     12 ;      7 ;    120 ;    941 ;   1141 ;      0 ;      0 ;
2016-06-09 22:25 ;    317 ;     17 ;    126 ;     80 ;   1657 ;    411 ;   1338 ;   -743 ;    -73 ;   -285 ;    600 ;     19 ;   -521 ;     12 ;      7 ;    122 ;    960 ;   1108 ;      0 ;      0 ;
2016-06-09 22:30 ;    319 ;     16 ;    125 ;     82 ;   1632 ;    416 ;   1339 ;   -742 ;    -84 ;   -298 ;    600 ;     18 ;   -520 ;     11 ;      9 ;    122 ;    942 ;   1106 ;      0 ;      0 ;
2016-06-09 22:35 ;    321 ;     18 ;    126 ;     81 ;   1656 ;    428 ;   1339 ;   -743 ;    -90 ;   -324 ;    600 ;     18 ;   -520 ;     12 ;      7 ;    121 ;    954 ;   1129 ;      0 ;      0 ;
2016-06-09 22:40 ;    328 ;     15 ;    125 ;     82 ;   1688 ;    437 ;   1338 ;   -742 ;   -133 ;   -338 ;    600 ;     18 ;   -519 ;     11 ;      7 ;    118 ;    962 ;   1162 ;      0 ;      0 ;
2016-06-09 22:45 ;    330 ;     14 ;    125 ;     82 ;   1693 ;    435 ;   1338 ;   -742 ;   -139 ;   -351 ;    600 ;     17 ;   -521 ;     11 ;      8 ;    118 ;    962 ;   1167 ;      0 ;      0 ;
2016-06-09 22:50 ;    328 ;     15 ;    125 ;     81 ;   1730 ;    431 ;   1304 ;   -742 ;   -131 ;   -327 ;    600 ;     17 ;   -521 ;     11 ;      8 ;    117 ;    969 ;   1191 ;      0 ;      0 ;
2016-06-09 22:55 ;    326 ;     15 ;    125 ;     80 ;   1732 ;    450 ;   1259 ;   -743 ;   -122 ;   -387 ;    600 ;     17 ;   -520 ;     11 ;      7 ;    117 ;    982 ;   1200 ;      0 ;      0 ;
2016-06-09 23:00 ;    322 ;     13 ;    124 ;     80 ;   1742 ;    454 ;   1222 ;   -743 ;    -35 ;   -468 ;    600 ;     16 ;   -587 ;     11 ;      8 ;    119 ;    988 ;   1209 ;      0 ;      0 ;
2016-06-09 23:05 ;    323 ;     14 ;    124 ;     79 ;   1721 ;    467 ;   1176 ;   -742 ;    -45 ;   -492 ;    600 ;     15 ;   -590 ;     11 ;      8 ;    119 ;   1001 ;   1186 ;      0 ;      0 ;
2016-06-09 23:10 ;    321 ;     10 ;    125 ;     80 ;   1726 ;    468 ;   1140 ;   -742 ;    -42 ;   -506 ;    599 ;     15 ;   -590 ;     11 ;      7 ;    118 ;    987 ;   1206 ;      0 ;      0 ;
2016-06-09 23:15 ;    321 ;     13 ;    125 ;     80 ;   1730 ;    475 ;   1098 ;   -743 ;    -21 ;   -525 ;    600 ;     13 ;   -590 ;     11 ;      7 ;    118 ;    995 ;   1210 ;      0 ;      0 ;
2016-06-09 23:20 ;    322 ;     10 ;    127 ;     80 ;   1757 ;    481 ;   1098 ;   -742 ;    -63 ;   -535 ;    600 ;     13 ;   -591 ;     11 ;      9 ;    115 ;   1011 ;   1228 ;      0 ;      0 ;
2016-06-09 23:25 ;    323 ;     12 ;    125 ;     80 ;   1758 ;    486 ;   1099 ;   -742 ;    -64 ;   -543 ;    600 ;     13 ;   -590 ;     11 ;      8 ;    115 ;   1008 ;   1236 ;      0 ;      0 ;
2016-06-09 23:30 ;    321 ;      7 ;    124 ;     81 ;   1803 ;    484 ;   1097 ;   -742 ;    -67 ;   -544 ;    600 ;     13 ;   -590 ;     11 ;      9 ;    112 ;   1025 ;   1263 ;      0 ;      0 ;
2016-06-09 23:35 ;    320 ;     13 ;    124 ;     81 ;   1769 ;    489 ;   1098 ;   -743 ;    -67 ;   -561 ;    600 ;     12 ;   -590 ;     11 ;      8 ;    113 ;   1013 ;   1245 ;      0 ;      0 ;
2016-06-09 23:40 ;    310 ;     11 ;    126 ;     81 ;   1791 ;    490 ;   1099 ;   -742 ;    -68 ;   -556 ;    600 ;     12 ;   -590 ;     11 ;      9 ;    111 ;   1007 ;   1274 ;      0 ;      0 ;
2016-06-09 23:45 ;    300 ;      9 ;    126 ;     81 ;   1814 ;    477 ;   1098 ;   -742 ;    -57 ;   -564 ;    600 ;     12 ;   -590 ;     11 ;      7 ;    109 ;   1002 ;   1288 ;      0 ;      0 ;
2016-06-09 23:50 ;    287 ;     11 ;    126 ;     81 ;   1842 ;    478 ;   1011 ;   -742 ;    -88 ;   -484 ;    600 ;     11 ;   -494 ;     11 ;      6 ;    105 ;   1006 ;   1314 ;      0 ;      0 ;
2016-06-09 23:55 ;    284 ;     13 ;    126 ;     82 ;   1830 ;    469 ;    916 ;   -741 ;    -57 ;   -449 ;    600 ;     11 ;   -456 ;     10 ;      9 ;    107 ;    994 ;   1305 ;      0 ;      0 ;
